1.057420635683519426e-02 3.589843494071264018e+01
1.363873519173811229e-02 1.944887543291417131e+01
1.759140037116024152e-02 1.116221541687222540e+01
2.268959420855356721e-02 1.346395787062165716e+01
2.926530432408507368e-02 8.400685469750147405e+00
3.774673223809543732e-02 1.048906475836834851e+01
4.868617728611359524e-02 4.504596992565797819e+00
6.279600161898633848e-02 4.201250912708310636e+00
8.099501828122505909e-02 3.019940575807752658e+00
1.044683230977003496e-01 2.702664268694823679e+00
1.347444665417815157e-01 2.728355236576534004e+00
1.737949909146091210e-01 2.088098156111685810e+00
2.241628145645833126e-01 1.596020821921745325e+00
2.891278233571451528e-01 1.570603632149597750e+00
3.729204524917136832e-01 1.714055163805455084e+00
4.809971668303907877e-01 2.488214921474142027e+00
6.203957786520267748e-01 2.337759873417074363e+00
8.001937406524780583e-01 2.357370576707921828e+00
1.032099257623331212e+00 2.179098546038007012e+00
