1.057420635683519426e-02 9.622504439679383736e+00
1.363873519173811229e-02 2.372187438344556654e+01
1.759140037116024152e-02 1.858059873436415899e+01
2.268959420855356721e-02 1.569240790312036182e+01
2.926530432408507368e-02 7.291483117105249434e+00
3.774673223809543732e-02 7.961563479435245227e+00
4.868617728611359524e-02 3.461681678548241159e+00
6.279600161898633848e-02 3.713051686213187708e+00
8.099501828122505909e-02 4.146396890829072035e+00
1.044683230977003496e-01 3.574818402789001315e+00
1.347444665417815157e-01 2.127672384510583381e+00
1.737949909146091210e-01 1.638649730928898762e+00
2.241628145645833126e-01 2.043813297811465368e+00
2.891278233571451528e-01 1.818122532716852202e+00
3.729204524917136832e-01 2.056101472603631741e+00
4.809971668303907877e-01 2.244587052101888691e+00
6.203957786520267748e-01 2.313519965090633068e+00
8.001937406524780583e-01 2.551699002509538072e+00
1.032099257623331212e+00 2.235485484195264050e+00
