1.057420635683519426e-02 2.481867122811535964e+01
1.363873519173811229e-02 3.064615704546259423e+01
1.759140037116024152e-02 1.616317269690489411e+01
2.268959420855356721e-02 1.501149256778380447e+01
2.926530432408507368e-02 9.158856032442475481e+00
3.774673223809543732e-02 6.899124477228951058e+00
4.868617728611359524e-02 5.048428132699293691e+00
6.279600161898633848e-02 6.859127518313705707e+00
8.099501828122505909e-02 2.084869208424704912e+00
1.044683230977003496e-01 3.580485040337435532e+00
1.347444665417815157e-01 3.197195761900814226e+00
1.737949909146091210e-01 1.430848549252821789e+00
2.241628145645833126e-01 2.560203325972937094e+00
2.891278233571451528e-01 2.019331463768154755e+00
3.729204524917136832e-01 2.403746172910261159e+00
4.809971668303907877e-01 2.393741325169776335e+00
6.203957786520267748e-01 2.426370542577389156e+00
8.001937406524780583e-01 2.454498329196345363e+00
1.032099257623331212e+00 2.279007070384700295e+00
