1.057420635683519426e-02 2.838006943740802868e+01
1.363873519173811229e-02 2.398959111042902492e+01
1.759140037116024152e-02 1.536397590120837364e+01
2.268959420855356721e-02 1.210858175727700825e+01
2.926530432408507368e-02 6.174189433179676278e+00
3.774673223809543732e-02 6.654370869139007105e+00
4.868617728611359524e-02 5.920680964641602095e+00
6.279600161898633848e-02 3.288922935261652025e+00
8.099501828122505909e-02 2.929125727764119613e+00
1.044683230977003496e-01 4.341083391765514499e+00
1.347444665417815157e-01 3.619398197201606493e+00
1.737949909146091210e-01 2.900157989424303473e+00
2.241628145645833126e-01 1.584445435383946554e+00
2.891278233571451528e-01 1.671073286549568992e+00
3.729204524917136832e-01 1.944441003506575338e+00
4.809971668303907877e-01 2.289116534166454997e+00
6.203957786520267748e-01 2.358326042065908013e+00
8.001937406524780583e-01 2.411256568510437681e+00
1.032099257623331212e+00 2.400742736771414698e+00
