1.057420635683519426e-02 2.571954185523517111e+01
1.363873519173811229e-02 8.971375341374864476e+00
1.759140037116024152e-02 1.439824734442849596e+01
2.268959420855356721e-02 1.181879197153327432e+01
2.926530432408507368e-02 6.058566323034062506e+00
3.774673223809543732e-02 7.607704508074048633e+00
4.868617728611359524e-02 4.543738217168459492e+00
6.279600161898633848e-02 5.869672416877242505e+00
8.099501828122505909e-02 2.357491139627904353e+00
1.044683230977003496e-01 3.061660484007049821e+00
1.347444665417815157e-01 2.154335805111250224e+00
1.737949909146091210e-01 2.380304819611918088e+00
2.241628145645833126e-01 1.849937919642345996e+00
2.891278233571451528e-01 2.021678821766725864e+00
3.729204524917136832e-01 2.130409670473104367e+00
4.809971668303907877e-01 2.187328242466063166e+00
6.203957786520267748e-01 2.339860911773981922e+00
8.001937406524780583e-01 2.475110189671339000e+00
1.032099257623331212e+00 2.192633577303844561e+00
