1.057420635683519426e-02 3.857582173953016991e+01
1.363873519173811229e-02 2.558238798409234249e+01
1.759140037116024152e-02 2.419305773117060809e+01
2.268959420855356721e-02 2.022396434364681284e+01
2.926530432408507368e-02 1.183717867130212120e+01
3.774673223809543732e-02 9.460633854863434777e+00
4.868617728611359524e-02 7.142243399758235967e+00
6.279600161898633848e-02 4.189959431944619617e+00
8.099501828122505909e-02 5.489028264515209088e+00
1.044683230977003496e-01 3.869230137664898983e+00
1.347444665417815157e-01 2.823040567911597076e+00
1.737949909146091210e-01 2.888520183282428544e+00
2.241628145645833126e-01 2.119128211558765074e+00
2.891278233571451528e-01 2.401671408951478348e+00
3.729204524917136832e-01 2.288667910634639036e+00
4.809971668303907877e-01 2.618390759591210148e+00
6.203957786520267748e-01 2.412789969901365961e+00
8.001937406524780583e-01 2.355937477560694049e+00
1.032099257623331212e+00 2.306181812536882259e+00
